20165144
20164855
20163186
19890291
20161872
20163183
20134933
20164203
20167689
19930396
20153401
20161084
20165153
20164928
20167968
20165543
20166826
20168232
20168085
20168233
20164204
20163822
20168381
20165925
20081065
20156322
19970022
20129633
20168523
20165822
20164852
20120401
20178942
20165061
20151228
20168667
20168710
20168711
20167159
20167285
20151229
20120383
20152062
20168624
20165724
20165443
20163845
20167843
20167324
20167907
20168324
20168246
20164421
20167127
20165972
20168611
20166707
20164404
20179281
20179562
20168462
20168664
20178921
20168609
20168154
20168643
20160741
20169425
20168366
20164926
20168104
20168086
20168087
20168088
20168089
20168090
20166421
20167644
20163019
20169269
20179481
20168689
20158799
20179001
20167986
20179561
20168688
20129694
19730023
20167645
20150964
20156562
20160129
20165927
20168669
20163352
20179694
20170002
20162873
20167716
20151230
20166468
20101131
20170510
20178881
20161366
20161744
20167922
20179002
20161468
20167906
20164642
19970089
20161141
20179302
20170861
20171121
20170602
20160484
20170586
20160477
20010152
20167635
20156323
20170623
20179521
20168342
20168722
20163580
20167362
20170587
20170605
20170603
20179961
20161723
20150971
20170625
20170646
20170642
20170653
20170652
20166422
20170381
20168781
20168668
19779010
20170241
20166101
20150753
20155381
20168612
20170509
20171501
20171522
20170624
20163361
20168149
20170421
20168183
20168750
20161827
20101218
20152642
20171141
20050028
20171281
20167363
20170263
20172401
20070040
20164721
20164927
20172641
20162181
20170656
20170787
20170983
20161287
20172601
20167905
20151227
20172262
20171384
20168365
19970103
20164951
20160222
20170761
20171781
20030399
20170221
19930253
20081751
20172001
20179442
20167902
20172201
20168742
20161799
20170382
20167901
20167364
20136682
20129035
20173301
20172863
20172921
20172444
20173001
20169603
20172741
20169266
19960107
20171801
20171661
20090664
20173504
20169464
20173501
20173383
20173302
20173482
20173481
20164198
20173463
20173451
20173402
20173321
20173423
20173428
20168592
20171062
20163194
20172381
20161923
20164403
20173484
20160743
20162607
20137769
20173561
20173503
20172307
20167005
20172861
20144257
20071016
20174023
20171381
20160465
20136007
20160504
20172802
20172161
20040525
20174164
20161726
20168083
20158044
20173444
20167542
20174064
20174803
20174081
20174063
20172821
20174062
20174065
20173384
20162722
20174461
20170741
20173061
20174482
20172125
20174782
20173181
20164829
20173690
20173601
20179662
20173121
20161665
20174423
20174424
20174561
20162871
20174165
20170342
20166384
20167148
20172541
20165843
20170383
20040798
20175184
20154263
20175047
20156708
20173881
20174501
20174061
20170321
20174644
20163185
20175423
20175142
20173961
20174261
20030009
20167829
20175521
20173929
20174325
20174341
20174324
20170511
20175242
20060264
20164844
20175942
20174581
20163603
19880213
20174721
20179382
20070493
19950325
20175021
20170921
20164062
19810031
20175810
20176167
20174921
20174562
20175263
20172522
20174701
20175922
20100213
20176682
20172122
20174602
20176345
20060201
20175102
20176061
20175262
20176041
20176421
20169728
20173721
20176683
20169348
20175581
20169427
20176232
20174642
20176231
20175722
20136170
20177041
20176581
20173923
20170982
20124360
20020061
20175926
20174182
20175204
20175501
20170941
20173642
20174241
20101178
20174841
20174281
20176807
19518005
20176803
20176823
20174821
20162343
20176802
20176715
20175601
20176821
20176825
19338003
20168261
20173833
20137763
20168041
20177223
20175461
20149571
20177203
20175502
20172241
20176141
20176741
20166488
20081374
20176961
20150802
20174961
20177801
20040526
20177361
20177081
20176963
20174741
20175981
20175662
20178982
20178061
20108907
20136041
20177281
20070008
20176983
20158485
20176201
20177101
20176561
20129707
20173661
20081482
20174243
20175841
20176901
20175122
20178561
20178184
20172941
20176781
20166967
20159647
20174801
20177202
20178121
20175982
20175821
20176102
20151003
20176666
19560023
20018881
20153306
20170163
20178181
20176562
20178603
20176511
20168595
20160746
19740037
20176962
20177681
20177524
20177546
20177547
20167303
20177545
20177550
20177543
20176766
20177523
20177544
20177548
20162869
20177525
20177528
20177549
20178863
20175042
20178922
20177527
20081056
20178964
20177531
20179162
20178521
20176783
20175522
20176717
20177501
20179807
20161481
20177761
20174282
20101198
20164981
20154909
20163195
20179245
20178642
20177181
20162442
20178721
20155925
20178641
20178646
20174761
20178762
20164621
20179829
20177601
20179862
20178221
20177701
20178321
20179889
20179888
20178801
20165371
20178703
20080697
20177533
20179887
20174962
20177362
20170124
20179303
20173403
20170024
20170365
20178141
20179068
20179187
20170366
20170185
20170169
20179323
20179982
19558030
20179983
20179984
20179936
20178970
20179732
20172822
20170531
20179901